7 18
1 4
2 2
3 1
4 5
5 6
6 0
7 3
1 0
10 8
11 9
12 10
13 11
14 12
15 13
16 14
17 15
18 16
19 17
2 1
4 2
5 3
6 4
7 5
8 6
9 7
0.624133 9.26402 -0.767535 -1.88795 -1.14422 -1.10844 1.47672 -0.618679 0.883884 0.84953 1.12515 0.6587 -0.188132 0.890831 -1.57866 1.09308 -1.90319 -2.01962 
-0.951582 -3.6931 -0.479712 0.354988 2.60316 0.482768 1.87874 -0.149245 -2.66843 -3.52763 -2.49644 -2.02245 -4.51344 -0.622946 5.0222 -2.50833 1.96403 -2.90291 
0.972562 -1.29017 -0.595492 -0.607293 -0.887548 -0.597349 -0.768727 -0.572642 2.94726 2.74821 3.15544 2.91298 -2.13861 1.44185 -0.327977 3.15229 -0.749039 -0.652011 
-0.760608 4.02177 -0.153172 0.719826 -0.708172 -1.03002 -0.300677 -1.03167 -0.434133 -0.534015 -0.698304 -0.0593616 -0.195959 -1.87816 2.871 -0.347253 0.500165 3.55639 
-0.842868 -3.34772 0.509543 -0.336688 -0.886176 0.181292 -0.19733 0.156969 -0.648647 0.572589 -0.780724 -1.68193 8.52915 -0.625187 -7.55322 -0.749978 1.98672 4.0036 
0.177886 -1.94339 0.0143719 -0.985163 0.481858 -1.49984 -1.85633 -1.57498 0.43181 0.506677 0.528099 0.255432 0.778673 -0.00874157 -1.17972 0.490798 -2.08324 -1.89378 
0.750062 -3.12677 -0.659652 0.557711 -1.35007 1.30145 -2.18075 1.52495 -1.7552 -1.94548 -1.88777 -1.42511 -1.65709 0.243526 2.20108 -2.17132 -0.201089 -1.36865 
